00111100000100000000000000000101
00111100000100010000000000000011
00111100000111000000010000000000
10101111100100000000000000000000
10101111100100010000000000000100
10001111100010000000000000000000
10001111100010010000000000000100
00000001000010010101000000100000
00000001000010010101100000100010
00000001001010000110000000100010
00000001000010010110100000100100
00000001000010010111000000100101
00111100000100000000000000000001
00111100000100010000000000000000
00111100000100100000000000001010
00010010000100100000000000000011
00000010001100001000100000100000
00000010010100001001000000100010
00010010000100001111111111111100 
00111100000100000000000000000001
00111100000100010000000000000000
00111100000100100000000000001010
00000010001100001000100000100101
00000010010100001001000000100010
00010110010100001111111111111101
00001000000000000000000000001000
00000010001100001000100000100000